0
12
16
21
36
166
171
172
173
202
238
247
257
268
283
290
346
369
399
404
406
423
430
510
520
521
527
584
614
620
626
651
652
655
662
669
670
672
680
686
687
688
692
699
700
701
708
712
716
738
802
807
860
879
896
941
964
966
968
969
970
971
980
982
1003
1004
1005
1011
1012
1013
1014
1056
1064
1065
1096
1097
1098
1099
1100
1101
1104
1106
1107
1123
1140
1148
1161
1163
1170
1171
1172
1173
1174
1175
1176
1177
1178
1189
1190
1195
1198
1199
1248
1263
1296
1297
1328
1367
1370
1374
1411
1421
1425
1439
1443
1461
1468
1470
1504
1520
1529
1543
1565
1566
1638
1656
1658
1678
1679
1681
1724
1738
1739
1743
1806
1808
1868
1876
1877
1879
1900
1939
1944
1965
1968
1988
1990
1997
1998
2000
2017
2043
2057
2064
2092
2129
2130
2163
2192
2198
2211
2250
2261
2322
2401
2404
2406
2608
2609
2613
2662
2666
2673
2678
2715
2802
2825
2826
2837
2849
2875
2888
2889
2911
2935
2975
3014
3063
3068
3070
3071
3074
3075
3077
3079
3080
3129
3226
3235
3273
3282
3296
3338
3355
3446
3459
3507
3508
3598
3606
3607
3659
3684
3744
3745
3776
3802
3832
3834
3878
3898
3900
3901
3902
3907
3913
3926
3927
3930
3938
3948
3949
3958
3979
4010
4018
4033
4037
4046
4101
4190
4215
4216
4224
4227
4228
4256
4359
4361
4362
4363
4377
4388
4459
4463
4472
4478
4479
4537
4547
4550
4551
4565
4581
4599
4641
4644
4645
4646
4647
4649
4652
4678
4679
4718
4731
4765
4771
4775
4776
4777
4778
4799
4804
4809
4810
4819
4820
4824
4833
4836
4838
4844
4950
4953
4959
4962
4969
4986
4987
5039
5040
5044
5139
5146
5181
5184
5185
5213
5217
5252
5269
5270
5285
5286
5315
5324
5325
5336
5354
5360
5392
5433
5439
5441
5442
5444
5445
5478
5479
5525
5526
5527
5528
5531
5534
5535
5585
5622
5623
5631
5636
5656
5691
5692
5693
5694
5695
5696
5715
5729
5736
5743
5836
5837
5931
5932
5944
5945
5946
5948
5949
5951
5952
6001
6005
6027
6082
6092
6122
6125
6129
6158
6181
6232
6233
6242
6272
6276
6278
6279
6307
6325
6327
6330
6359
6360
6395
6399
6441
6446
6482
6484
6520
6522
6554
6568
6569
6623
6648
6649
6666
6688
6708
6709
6830
6843
6844
6863
6894
6897
6938
6967
7014
7015
7104
7107
7207
7215
7223
7224
7228
7233
7236
7254
7266
7277
7305
7366
7372
7395
7422
7423
7424
7425
7454
7456
7461
7525
7526
7570
7606
7607
7649
7663
7747
7751
7752
7820
7859
7860
7883
7887
7910
7928
7934
7968
7970
7985
8020
8048
8053
8079
8162
8190
8191
8192
8201
8245
8284
8285
8324
8329
8330
8337
8338
8379
8380
8422
8462
8463
8464
8475
8488
8505
8553
8573
8574
8580
8581
8582
8638
8668
8693
8746
8765
8816
8834
8874
8881
8882
8886
8894
8899
8927
8965
8967
8968
8969
8988
8996
9009
9062
9066
9133
9144
9153
9155
9158
9161
9164
9197
9212
9222
9264
9269
9289
9300
9339
9401
9440
9441
9442
9458
9470
9474
9476
9477
9494
9503
9516
9535
9549
9554
9560
9561
9565
9585
9604
9617
9623
9629
9691
9709
9717
9738
9762
9763
9770
9776
9821
9826
9861
9862
9865
9869
9875
9896
9907
9930
9948
9949
9969
10007
10104
10107
10108
10144
10169
10183
10271
10275
10298
10345
10348
10350
10351
10352
10354
10355
10357
10361
10369
10371
10372
10444
10496
10497
10541
10543
10545
10568
10569
10570
10571
10576
10633
10641
10642
10650
10731
10734
10748
10750
10751
10784
10786
10823
10838
10842
10878
10922
10930
10981
10985
11014
11109
11114
11207
11208
11224
11234
11235
11251
11287
11299
11302
11303
11313
11318
11319
11332
11395
11426
11445
11448
11449
11550
11560
11592
11601
11656
11704
11727
11730
11731
11736
11737
11745
11766
11780
11784
11855
11868
11869
11871
11872
11875
11877
11878
11882
11889
11891
11902
11907
11913
11957
12069
12070
12090
12151
12159
12160
12180
12183
12193
12219
12234
12251
12265
12266
12354
12355
12376
12396
12421
12454
12489
12490
12526
12560
12567
12569
12571
12593
12597
12604
12605
12616
12618
12685
12686
12693
12694
12792
12813
12814
12818
12820
12821
12823
12858
12893
12904
12928
12936
12968
12969
12970
13007
13131
13134
13136
13140
13141
13211
13259
13263
13288
13314
13318
13319
13320
13322
13323
13345
13346
13351
13354
13363
13394
13406
13411
13499
13576
13579
13581
13611
13736
13759
13764
13766
13768
13771
13813
13835
13836
13844
13861
13866
13870
13965
14003
14011
14035
14061
14062
14111
14187
14189
14209
14247
14249
14250
14265
14276
14290
14291
14298
14384
14386
14401
14404
14406
14408
14409
14410
14419
14429
14444
14454
14457
14475
14521
14523
14531
14535
14538
14566
14578
14583
14590
14591
14592
14601
14650
14656
14659
14673
14682
14713
14725
14771
14773
14775
14839
14866
14945
14946
14950
14952
14970
15012
15074
15090
15091
15096
15100
15110
15125
15145
15162
15204
15215
15224
15245
15262
15272
15320
15321
15324
15385
15402
15409
15461
15485
15528
15534
15545
15546
15547
15569
15570
15571
15576
15578
15585
15587
15594
15596
15643
15685
15713
15732
15742
15766
15799
15800
15804
15818
15895
15896
15947
15948
16016
16029
16107
16112
16114
16115
16120
16123
16132
16233
16252
16267
16296
16297
16316
16317
16348
16350
16432
16445
16466
16468
16499
16500
16501
16504
16506
16507
16508
16516
16518
16521
16529
16532
16542
16580
16659
16665
16675
16676
16677
16679
16682
16735
16750
16751
16755
16764
16767
16768
16771
17067
17068
17100
17161
17179
17228
17232
17238
17248
17360
17386
17451
17453
17495
17509
17512
17567
17581
17587
17632
17669
17747
17757
17797
17811
17814
17898
17919
17931
17937
17981
18077
18089
18122
18143
18184
18185
18190
18191
18201
18212
18223
18224
18286
18290
18291
18292
18293
18297
18321
18323
18325
18371
18372
18407
18422
18435
18468
18552
18571
18594
18622
18679
18696
18735
18782
18783
18784
18785
18818
18819
18820
18822
18825
18928
18933
19056
19060
19062
19101
19102
19108
19121
19130
19217
19240
19290
19302
19304
19312
19339
19399
19425
19479
19490
19501
19504
19506
19520
19523
19524
19530
19587
19600
19611
19674
19675
19696
19706
19710
19711
19718
19721
19731
19791
19814
19819
19820
19821
19826
19827
19828
19877
19917
19919
19922
20001
20002
20051
20052
20056
20080
20090
20091
20094
20096
20098
20104
20106
20117
20207
20238
20317
20319
20348
20457
20483
20485
20493
20501
20507
20517
20520
20521
20522
20531
20546
20589
20618
20654
20682
20690
20691
20810
20850
20884
20887
20891
20920
20935
20937
20956
20967
20968
20969
20970
21037
21065
21153
21175
21193
21212
21231
21232
21237
21334
21338
21378
21428
21431
21440
21460
21484
21515
21528
21543
21546
21558
21585
21641
21644
21676
21691
21692
21721
21741
21761
21762
21763
21764
21765
21776
21801
21839
21840
21844
21876
21877
21879
21902
21914
21932
21950
21992
22056
22158
22187
22189
22190
22200
22246
22312
22313
22328
22357
22358
22359
22360
22409
22410
22412
22414
22415
22445
22488
22513
22570
22578
22600
22601
22604
22605
22607
22609
22723
22746
22770
22774
22789
22792
22793
22816
22824
22873
22899
22946
22952
22955
23037
23072
23129
23131
23135
23136
23233
23239
23254
23263
23274
23278
23380
23382
23402
23424
23425
23426
23466
23526
23529
23531
23532
23565
23606
23607
23609
23614
23616
23662
23712
23713
23718
23719
23720
23726
23727
23728
23729
23730
23782
23797
23802
23810
23821
23842
23866
23869
23873
23895
23897
23907
23926
23927
23963
23968
24033
24052
24073
24089
24090
24109
24127
24163
24164
24190
24191
24203
24227
24234
24256
24270
24276
24285
24288
24305
24371
24397
24430
24469
24472
24480
24482
24512
24529
24531
24546
24547
24557
24587
24590
24602
24619
24620
24621
24622
24682
24683
24686
24688
24747
24776
24785
24792
24809
24810
24891
24893
24894
24975
24978
24980
24989
24995
24996
25000
25018
25022
25023
25048
25049
25056
